0,1,2,3
-4.335338625139613,-4.127160100456292,-4.597438382781616,-4.148004150334071
-4.386474768030512,-4.1259665658028215,-4.078353907228963,-4.219827798012481
-4.581775016519277,-4.57969425021683,-4.628037878194463,-4.6502426389513
-4.039473929094381,-3.041223518927815,-4.634247104786561,-4.214574105274987
-4.49173008622262,-4.2737875843132676,-4.523133084034312,-3.784091149177096
-4.457085786384501,-4.254241121998486,-4.193883004053186,-3.7232435818809515
-4.6232266227179695,-3.879302878256441,-4.485162725806804,-4.592679082834928
-4.6638424258920015,-4.598429723878083,-4.581369460209757,-4.6663329184268605
-4.600730855703548,-4.634223054681215,-4.616302590763273,-3.359048089545269
-4.682953255609224,-4.715482167166887,-3.9127728592316697,-4.732162834964747
-0.8,-0.8,-1.1187091906191104,0.0
0.0,0.0,0.0,0.0
0.0,0.0,0.0,0.0
0.0,0.0,0.0,0.0
0.0,0.0,0.0,0.0
0.0,0.0,0.0,0.0
0.0,0.0,0.0,0.0
0.0,0.0,0.0,0.0
0.0,0.0,0.0,0.0
0.0,0.0,0.0,0.0
0.0,0.0,0.0,0.0
0.0,0.0,0.0,0.0
0.0,0.0,0.0,0.0
0.0,0.0,0.0,0.0
0.0,0.0,0.0,0.0
0.0,0.0,0.0,0.0
0.0,0.0,0.0,0.0
0.0,0.0,0.0,0.0
0.0,0.0,0.0,0.0
0.0,0.0,0.0,0.0
0.0,0.0,0.0,0.0
0.0,0.0,0.0,0.0
0.0,0.0,0.0,0.0
0.0,0.0,0.0,0.0
0.0,0.0,0.0,0.0
0.0,0.0,0.0,0.0
0.0,0.0,0.0,0.0
0.0,0.0,0.0,0.0
0.0,0.0,0.0,0.0
0.0,0.0,0.0,0.0
0.0,0.0,0.0,0.0
0.0,0.0,0.0,0.0
0.0,0.0,0.0,0.0
0.0,0.0,0.0,0.0
0.0,0.0,0.0,0.0
0.0,0.0,0.0,0.0
0.0,0.0,0.0,0.0
0.0,0.0,0.0,0.0
0.0,0.0,0.0,0.0
0.0,0.0,0.0,0.0
0.0,0.0,0.0,0.0
-4.588781669409519,-4.355868030164309,-4.827171814459318,-4.856418843106546
-4.532845320362608,-3.815468486981588,-4.860570751631803,-3.94688987950883
-4.2253094021227104,-3.483356359457507,-4.399053738493183,-4.175498677224232
-1.9301569510473664,-4.820289978720721,-4.342041427355993,-3.7331271377917097
-4.220241299145572,-4.25343516504222,-4.247093926307567,-4.3188315827415815
-4.269825680969529,-4.163820413508478,-4.271364498171759,-4.25532041352844
-4.214077402583623,-4.559156350803725,-4.1381800160324245,-3.89467541063815
-3.8882365400553907,-4.05373401860682,-3.7723260083345043,-3.8333617926137356
-4.4861246824466505,-3.9088439109005035,-3.6853102025378988,-4.089070736599344
-0.2905120023103163,0.0,0.0,0.0
-4.8458781305860015,-4.06794331563244,-4.856965589153917,-4.865876316626009
-1.28,-1.28,-1.472,-1.76
-4.321806399189203,-4.247622161323262,-4.21493999867632,-4.408902109975696
-4.694830250430105,-4.579046081678892,-4.598757490614858,-4.614367472632416
-0.8,-0.8,0.0,-0.8
0.0,0.0,0.0,0.0
0.0,0.0,0.0,0.0
0.0,0.0,0.0,0.0
0.0,0.0,0.0,0.0
0.0,0.0,0.0,0.0
0.0,0.0,0.0,0.0
0.0,0.0,0.0,0.0
0.0,0.0,0.0,0.0
0.0,0.0,0.0,0.0
0.0,0.0,0.0,0.0
0.0,0.0,0.0,0.0
0.0,0.0,0.0,0.0
0.0,0.0,0.0,0.0
0.0,0.0,0.0,0.0
0.0,0.0,0.0,0.0
0.0,0.0,0.0,0.0
0.0,0.0,0.0,0.0
0.0,0.0,0.0,0.0
0.0,0.0,0.0,0.0
0.0,0.0,0.0,0.0
0.0,0.0,0.0,0.0
0.0,0.0,0.0,0.0
0.0,0.0,0.0,0.0
0.0,0.0,0.0,0.0
0.0,0.0,0.0,0.0
0.0,0.0,0.0,0.0
0.0,0.0,0.0,0.0
0.0,0.0,0.0,0.0
0.0,0.0,0.0,0.0
0.0,0.0,0.0,0.0
0.0,0.0,0.0,0.0
0.0,0.0,0.0,0.0
0.0,0.0,0.0,0.0
0.0,0.0,0.0,0.0
0.0,0.0,0.0,0.0
0.0,0.0,0.0,0.0
0.0,0.0,0.0,0.0
0.0,0.0,0.0,0.0
0.0,0.0,0.0,0.0
0.0,0.0,0.0,0.0
-4.672447635950789,-4.870073109865428,-4.839152439591396,-4.719727446923611
-4.18961303681563,-4.554868396514894,-4.374434718387458,-4.337655945636136
-4.165459849146294,-4.236717507743034,-4.0324952900426005,-2.201094267622838
-1.6785255608378933,-1.8752,-1.3604377070491351,-1.472
-4.342021728169599,-4.393091886051523,-4.3029110096758325,-4.2862824597175395
-4.098451699178684,-4.246611680130574,-4.308722757026818,-4.304825122834785
-4.631255559401096,-4.638279442952202,-4.651843670600126,-4.746989956373096
-3.109030858987612,-3.701249939168537,-2.930580820733353,-3.24350984192
-3.7739767026551467,-4.015739658243259,-4.060503269214988,-3.965457416812673
0.0,0.0,0.0,0.0
-4.8557794110630175,-3.8750904620241298,-4.857070143668415,-4.871900981299545
-1.28,-2.048,-1.8752,-1.472
-4.39706219481125,-4.485355578943014,-4.227996020377439,-4.28306048429016
-4.655451781365146,-4.4388221588608925,-4.588418458507253,-4.429297998272632
-0.8,-0.8,-0.8,-1.28
0.0,0.0,0.0,0.0
0.0,0.0,0.0,0.0
0.0,0.0,0.0,0.0
0.0,0.0,0.0,0.0
0.0,0.0,0.0,0.0
0.0,0.0,0.0,0.0
0.0,0.0,0.0,0.0
0.0,0.0,0.0,0.0
0.0,0.0,0.0,0.0
0.0,0.0,0.0,0.0
0.0,0.0,0.0,0.0
0.0,0.0,0.0,0.0
0.0,0.0,0.0,0.0
0.0,0.0,0.0,0.0
0.0,0.0,0.0,0.0
0.0,0.0,0.0,0.0
0.0,0.0,0.0,0.0
0.0,0.0,0.0,0.0
0.0,0.0,0.0,0.0
0.0,0.0,0.0,0.0
0.0,0.0,0.0,0.0
0.0,0.0,0.0,0.0
0.0,0.0,0.0,0.0
0.0,0.0,0.0,0.0
0.0,0.0,0.0,0.0
0.0,0.0,0.0,0.0
0.0,0.0,0.0,0.0
0.0,0.0,0.0,0.0
0.0,0.0,0.0,0.0
0.0,0.0,0.0,0.0
0.0,0.0,0.0,0.0
0.0,0.0,0.0,0.0
0.0,0.0,0.0,0.0
0.0,0.0,0.0,0.0
0.0,0.0,0.0,0.0
0.0,0.0,0.0,0.0
0.0,0.0,0.0,0.0
0.0,0.0,0.0,0.0
0.0,0.0,0.0,0.0
0.0,0.0,0.0,0.0
0.0,0.0,0.0,0.0
-4.837619528161187,-4.761554829080269,-4.800945788584466,-4.769553615986733
-4.229612775775492,-4.2589296967884565,-4.232391460564031,-4.360526614182366
-1.568,-3.344868436521292,-2.03648,-2.03648
-4.620943783777584,-3.916746399116063,-4.295513402153488,-4.421634810519788
-4.244353317696053,-4.382134053028531,-4.344725649850192,-4.3778376232602945
-4.705879956318358,-4.865964985834616,-4.824601786788719,-4.8938876728443805
-3.5473170153188285,-4.353245905521813,-4.426494513966491,-4.69552443164334
-4.110792709109057,-4.558522827931743,-4.375656534217835,-4.323405994113175
-4.545060444845225,-4.5714042462101645,-4.4262753632997525,-4.513179370519216
-4.537891991464729,-3.5460460931794295,-4.06300116589046,-4.494932314212392
-4.465195450461178,-4.315105736807309,-4.134971991432848,-4.276074723773377
-4.1622191340496215,-4.348026159281549,-3.9834294891409394,-3.889802473460861
-4.578027515436885,-3.630041983361137,-4.13535967402124,-4.46200063996926
-0.8,-0.8,0.0,-1.568
0.0,0.0,0.0,0.0
0.0,0.0,0.0,0.0
0.0,0.0,0.0,0.0
0.0,0.0,0.0,0.0
0.0,0.0,0.0,0.0
0.0,0.0,0.0,0.0
0.0,0.0,0.0,0.0
0.0,0.0,0.0,0.0
0.0,0.0,0.0,0.0
0.0,0.0,0.0,0.0
0.0,0.0,0.0,0.0
0.0,0.0,0.0,0.0
0.0,0.0,0.0,0.0
0.0,0.0,0.0,0.0
0.0,0.0,0.0,0.0
0.0,0.0,0.0,0.0
0.0,0.0,0.0,0.0
0.0,0.0,0.0,0.0
0.0,0.0,0.0,0.0
0.0,0.0,0.0,0.0
0.0,0.0,0.0,0.0
0.0,0.0,0.0,0.0
0.0,0.0,0.0,0.0
0.0,0.0,0.0,0.0
0.0,0.0,0.0,0.0
0.0,0.0,0.0,0.0
0.0,0.0,0.0,0.0
0.0,0.0,0.0,0.0
0.0,0.0,0.0,0.0
0.0,0.0,0.0,0.0
0.0,0.0,0.0,0.0
0.0,0.0,0.0,0.0
0.0,0.0,0.0,0.0
0.0,0.0,0.0,0.0
0.0,0.0,0.0,0.0
0.0,0.0,0.0,0.0
0.0,0.0,0.0,0.0
0.0,0.0,0.0,0.0
0.0,0.0,0.0,0.0
0.0,0.0,0.0,0.0
0.0,0.0,0.0,0.0
-3.5550491929619,-4.766354924047324,-4.764936390917095,-4.736407690816492
-4.268290275975272,-4.38348172621747,-3.9167565660214834,-4.491340415716914
-3.182819528242098,-4.432824815416343,-4.118733575030036,-3.881478918504916
-4.307160125290016,-4.272310090270027,-4.090292315791065,-3.6904300577094538
-4.386545048360408,-4.549540258742165,-4.425746295725975,-4.592244320926479
-4.596059842002978,-4.510334528072957,-4.531944297058031,-4.350390471779431
-4.342787753673663,-4.711501279268822,-4.505721679623473,-3.774504630205773
-3.681037014504602,-4.712527063920794,-4.624571520162196,-4.521357092898031
-4.498986620643116,-4.644138823027131,-4.626671213176277,-4.654524955493212
-4.331092258258849,-4.465814107972495,-4.652718389061522,-3.969458189019735
-4.451255451956685,-4.498802971437938,-4.359040584561145,-4.016835428722969
-3.9613794271411926,-4.368657144788556,-4.340904978565354,-4.271908200984226
-4.390017321330479,-4.393380526747353,-4.371683383623489,-2.604755967206794
-0.8,0.0,0.0,0.0
0.0,0.0,0.0,0.0
0.0,0.0,0.0,0.0
0.0,0.0,0.0,0.0
0.0,0.0,0.0,0.0
0.0,0.0,0.0,0.0
0.0,0.0,0.0,0.0
0.0,0.0,0.0,0.0
0.0,0.0,0.0,0.0
0.0,0.0,0.0,0.0
0.0,0.0,0.0,0.0
0.0,0.0,0.0,0.0
0.0,0.0,0.0,0.0
0.0,0.0,0.0,0.0
0.0,0.0,0.0,0.0
0.0,0.0,0.0,0.0
